------------------------------------------------------------------------------
                           GCC Code Coverage Report
Directory: .
------------------------------------------------------------------------------
File                                    Branches   Taken  Cover   Missing
------------------------------------------------------------------------------
include/soar/core/backend.h                    0       0    --%
include/soar/core/http_cache.h                 0       0    --%
include/soar/core/player.h                     0       0    --%
src/app/main.cpp                             136     127    93%   83,141,142,148,150,154,160
src/app/ui/player_window.cpp                 914     762    83%   54,65,78,90,109,112,113,118,119,126,215,225,229,255,258,261,280,285,296,298,316,319,349,377,384,413,417,420,429,430,431,446,453,467,488,493,496,527,535,551,558,559,562,568,571,576,577,578,580,591,616,617,619,623,625,627,631,633,634,637,679,687,700,713,784,826,829,832,835,848,868,872,874,890,893,896,922,925,947,951,975,996,1007,1022,1046,1052,1061,1070,1071,1072,1088,1097,1119,1131,1140,1168,1169,1171,1172,1175,1191,1202,1213,1222,1283,1284,1285,1300
src/app/ui/ui_state.cpp                      179      97    54%   90,122,140,142,156,160,161,162,163,167,170,175,187,192,208,213,214,215,216,220,221,222,223,227,228,229,236,237,239,240,241,244,245,247
src/app/ui/ui_state.h                         14      13    92%   72
src/core/ffmpeg_backend.cpp                 1244     931    74%   49,53,61,76,81,84,91,93,95,98,104,120,128,135,142,160,186,202,203,208,222,223,234,250,257,261,282,416,438,459,461,515,558,580,581,610,616,790,794,801,831,832,959,986,996,997,1000,1001,1002,1005,1006,1007,1068,1073,1112,1113,1114,1116,1117,1118,1119,1121,1122,1131,1132,1133,1135,1144,1153,1157,1158,1159,1165,1168,1171,1211,1237,1259,1268,1281,1290,1304,1323,1324,1329,1330,1344,1349,1350,1351,1353,1363,1364,1365,1371,1372,1373,1374,1382,1388,1389,1390,1411,1423,1424,1452,1453,1457,1458,1462,1463,1483,1484,1488,1489,1493,1494,1510,1511,1515,1516,1520,1521,1525,1526,1574,1575,1595,1600,1619,1650,1671,1672,1679,1704,1706,1709,1710,1716,1735,1737,1740,1741,1769,1770,1774,1776,1784,1795,1807,1816,1817,1818,1819,1825,1834,1835,1836,1837,1842,1867,1868,1869,1870,1886,1943,1988,2000,2004,2005,2006,2012,2013,2024,2030,2044,2045,2046,2054,2063,2077,2094,2124,2169,2173,2174,2175,2187,2214,2217,2231,2232,2233,2239,2240,2249,2251,2260,2283,2311,2317,2318,2361,2368,2370,2384,2386,2388,2391,2415,2416
src/core/http_cache.cpp                      511     424    83%   112,130,134,141,151,193,205,206,207,213,266,273,290,291,292,293,347,370,371,373,382,497,498,604,605,606,685
src/core/null_backend.cpp                    168     105    62%   29,47,52,183,184,186,187,189,190,198,199,207
src/core/player.cpp                           53      42    79%   66,82,86,90
------------------------------------------------------------------------------
TOTAL                                       3219    2501    77%
------------------------------------------------------------------------------
